guide,geneSys,gene,mut1,mut2,consequence,provean,maxAbsProvean,Day 0_Control,Day 1_Canavanine,Day 1_Control,Day 2_Canavanine,Day 2_Control,Day 0_Canavanine,enriched
AATTTGTCCCAAAAAGTCTT,YEL063C,CAN1,D583N,NA,nonsynonymous,-2.652,2.652,91.5314778984968,68.17397307559544,86.22529559909506,0.8106026830948809,101.24019235636548,91.5314778984968,FALSE
TGCCTCAATGTCTCTTCTAT,YEL063C,CAN1,E569K,NA,nonsynonymous,-3.418,3.418,169.66810537282333,146.70348636520538,197.20834934050455,21.07566976046691,177.1703366236396,169.66810537282333,FALSE
GAACAGGAAAATAGAGATAT,YEL063C,CAN1,NA,NA,synonymous,NA,NA,85.57821104331002,125.12944425267519,116.10534852947454,138.61305880922467,110.35180966843836,85.57821104331002,FALSE
GGCCGCATAATAAGCCAAGC,YEL063C,CAN1,A502T,NA,nonsynonymous,-3.539,3.539,110.87959517785386,95.7887469796341,128.91108549963718,17.833259028087383,130.59984813971147,110.87959517785386,FALSE
GCCGCATAATAAGCCAAGCC,YEL063C,CAN1,A502T,NA,nonsynonymous,-3.539,3.539,124.27444560202412,95.7887469796341,83.66414820506255,13.780245612612976,129.5874462161478,124.27444560202412,FALSE
ACTCGTCACGAGAGATGCCA,YEL063C,CAN1,D486N,E487K,nonsynonymous,"c(-2.589, -2.891)",2.891,120.55365381753236,95.7887469796341,71.71212703291074,14.590848295707858,70.86813464945584,120.55365381753236,FALSE
GTAACGAAAACTGCAATGTA,YEL063C,CAN1,V429I,NA,nonsynonymous,0.122,0.122,122.04197053132906,113.04798066965827,142.57053826781063,25.93928585903619,142.7486712224753,122.04197053132906,FALSE
CACCTTTGGTGGTCCTTGAC,YEL063C,CAN1,G420S,NA,nonsynonymous,0.693,0.693,128.73939574341418,132.03313772868484,130.61851709565886,83.49207635877275,153.88509238167552,128.73939574341418,FALSE
GTGGTCCTTGACAGGAATTT,YEL063C,CAN1,R416K,NA,nonsynonymous,-0.204,0.204,63.99761869325792,51.77770107007248,44.39322149656379,34.045312689985,44.545684636800814,63.99761869325792,FALSE
TGATAGACCAAATAAAATAC,YEL063C,CAN1,G403D,NA,nonsynonymous,-3.022,3.022,111.6237535347522,136.34794615119088,117.81278012549622,91.59810318972156,108.32700582131106,111.6237535347522,FALSE
ATAACAGCGTTGAAGATATG,YEL063C,CAN1,A380T,V381I,nonsynonymous,"c(-3.78, -0.733)",3.78,86.32236940020837,73.35174318260269,95.61616937721432,25.93928585903619,105.2898000506201,86.32236940020837,FALSE
GTTCTCAATAGCAATAATAA,YEL063C,CAN1,E367K,NA,nonsynonymous,-1.231,1.231,183.80711415389197,153.60717984121504,129.764801297648,40.530134154744054,143.76107314603897,183.80711415389197,FALSE
TTCTCAATAGCAATAATAAA,YEL063C,CAN1,E367K,NA,nonsynonymous,-1.231,1.231,189.01622265218037,145.84052468070416,173.30430699620095,25.128683175941312,172.10832700582134,189.01622265218037,FALSE
GAAGGCAGCGTTAATCAAAG,YEL063C,CAN1,A294T,NA,nonsynonymous,-3.771,3.771,126.50692067271915,119.95167414566794,145.1316856618432,106.9995541685243,160.9719058466211,126.50692067271915,FALSE
TTATCCTTAGATATTATACC,YEL063C,CAN1,D277N,NA,nonsynonymous,0.139,0.139,125.76276231582081,107.87021056265101,136.59452768173475,16.21205366189762,128.57504429258415,125.76276231582081,FALSE
ATACCTGGACCCCAGGCACC,YEL063C,CAN1,G272N,NA,nonsynonymous,-5.933,5.933,80.36910254502159,62.133241284086985,94.7624535792035,26.749888542131075,102.25259427992913,80.36910254502159,FALSE
TACCTGGACCCCAGGCACCT,YEL063C,CAN1,G272S,NA,nonsynonymous,-5.933,5.933,93.0197946122935,141.52571625819814,63.174969052802325,158.87812588659668,82.00455580865605,93.0197946122935,FALSE
CACCTGGGTTTCTCCAATAA,YEL063C,CAN1,G267S,NA,nonsynonymous,-4.993,4.993,151.80830480726297,523.8177424922334,166.4745806121142,1838.4468852591901,196.40597317134902,151.80830480726297,TRUE
CTCCAATAACGGAATCCAAC,YEL063C,CAN1,W263*,NA,stop,"NA",NA,148.8316713796696,314.11805315843975,118.66649592350707,589.3081506099785,144.77347506960263,148.8316713796696,TRUE
ATAACGGAATCCAACTGGGC,YEL063C,CAN1,R261H,NA,nonsynonymous,-4.836,4.836,97.48474475368357,154.47014152571626,123.7887907115721,213.9991083370486,131.61225006327513,97.48474475368357,TRUE
AATTCACCGTAATATTTGAC,YEL063C,CAN1,G224N,E225K,nonsynonymous,"c(-5.939, -3.958)",5.939,114.60038696234558,371.9364860200207,105.86075895334443,818.7087099258299,70.86813464945584,114.60038696234558,TRUE
ATACTAATCCATGCCGCCAG,YEL063C,CAN1,S206N,NA,nonsynonymous,-2.277,2.277,132.46018752790593,315.8439765274422,139.15567507576728,629.8382847647225,120.47582890407492,132.46018752790593,TRUE
ACGTCCAAAATTGAATGACT,YEL063C,CAN1,W195*,NA,stop,"NA",NA,127.2510790296175,551.432516396272,118.66649592350707,1520.6906334859968,117.43862313338396,127.2510790296175,TRUE
GGCCAACTACACTAAGTTCC,YEL063C,CAN1,V188I,G189S,nonsynonymous,"c(-0.331, -5.932)",5.932,151.06414645036463,138.9368312046945,122.08135911555044,68.90122806306489,83.01695773221968,151.06414645036463,FALSE
GCCAACTACACTAAGTTCCA,YEL063C,CAN1,V188I,NA,nonsynonymous,-0.331,0.331,90.0431611847001,122.54055919917157,73.41955862893242,171.84776881611478,93.14097696785625,90.0431611847001,FALSE
CCGCACCAAATGCTGGAGAA,YEL063C,CAN1,G166N,A167T,nonsynonymous,"c(-5.839, -2.325)",5.839,63.99761869325792,253.7107352433552,70.8584112348999,608.7626150042556,52.64490002531005,63.99761869325792,TRUE
AGCGCCCACTGGGCCGGCGT,YEL063C,CAN1,G121N,NA,nonsynonymous,-4.639,4.639,145.11087959517786,120.81463583016915,134.88709608571307,45.39375025331334,123.51303467476588,145.11087959517786,FALSE
ACTGGGCCGGCGTTGGTCAG,YEL063C,CAN1,G118N,NA,nonsynonymous,-5.839,5.839,107.90296175026046,446.15119088712464,96.46988517522517,1532.8496737324201,103.26499620349279,107.90296175026046,TRUE
GCCGGCGTTGGTCAGAGGTG,YEL063C,CAN1,A117T,NA,nonsynonymous,-3.284,3.284,93.0197946122935,82.84432171211598,92.20130618517095,72.9542414785393,106.30220197418375,93.0197946122935,FALSE
CTGTACCAATAGTACCACCA,YEL063C,CAN1,G103N,NA,nonsynonymous,-5.773,5.773,127.99523738651584,666.2064204349327,132.32594869168054,2199.975681919507,129.5874462161478,127.99523738651584,TRUE
TGTACCAATAGTACCACCAA,YEL063C,CAN1,G103N,NA,nonsynonymous,-5.773,5.773,98.22890311058194,537.6251294442527,108.42190634737696,1737.932152555425,103.26499620349279,98.22890311058194,TRUE
TCCTCGCCATTTACTCTCGT,YEL063C,CAN1,G61N,E62K,nonsynonymous,"c(0.961, -0.473)",0.961,196.45780622116388,167.4145667932344,205.74550732061297,21.07566976046691,164.0091116173121,196.45780622116388,FALSE
CCTCGCCATTTACTCTCGTC,YEL063C,CAN1,G61N,E62K,nonsynonymous,"c(0.961, -0.473)",0.961,270.1294835541003,199.34414911977908,221.11239168480813,25.93928585903619,209.56719817767654,270.1294835541003,FALSE
CTCGTCGGGAAAGAGCGCAA,YEL063C,CAN1,NA,NA,synonymous,NA,NA,117.57702038993898,123.40352088367275,126.34993810560465,18.643861711182264,145.78587699316628,117.57702038993898,FALSE
AAGCTTCAACGTCGTGAAAG,YEL063C,CAN1,E28K,A29T,nonsynonymous,"c(-0.595, 0.012)",0.595,111.6237535347522,84.5702450811184,116.10534852947454,12.969642929518095,102.25259427992913,111.6237535347522,FALSE
AGCTTCAACGTCGTGAAAGA,YEL063C,CAN1,E28K,NA,nonsynonymous,-0.595,0.595,102.69385325197202,74.2147048671039,87.93272719511674,9.727232197138573,99.21538850923817,102.69385325197202,FALSE
CATATGCTTCTCCTCTATGT,YEL063C,CAN1,NA,NA,synonymous,NA,NA,165.20315523143324,105.2813255091474,144.27796986383234,27.560491225225952,102.25259427992913,165.20315523143324,FALSE
AGACATTGAGGCAATTGTAT,YEL063C,CAN1,NA,NA,synonymous,NA,NA,241.10730763506473,193.30341732827063,271.4816237674478,38.90892878855429,310.807390534042,241.10730763506473,FALSE
GAGACATTGAGGCAATTGTA,YEL063C,CAN1,NA,NA,synonymous,NA,NA,104.92632832266708,76.80358992060752,105.86075895334443,7.295424147853929,127.5626423690205,104.92632832266708,FALSE
TTCCGATAGAAGAGACATTG,YEL063C,CAN1,NA,NA,synonymous,NA,NA,101.20553653817532,79.39247497411115,87.93272719511674,5.674218781664168,88.07896735003797,101.20553653817532,FALSE
TATCATTATTCAAGGTTTCA,YEL063C,CAN1,NA,NA,synonymous,NA,NA,136.92513766929602,81.98136002761477,111.83676953942033,12.969642929518095,101.24019235636548,136.92513766929602,FALSE
ACGATCATTATCATTATTCA,YEL063C,CAN1,NA,NA,synonymous,NA,NA,108.6471201071588,84.5702450811184,91.34759038716012,6.484821464759047,57.70690964312832,108.6471201071588,FALSE
TTTAAAGCTAAATTAATGCC,YEL063C,CAN1,A492V,NA,nonsynonymous,-3.962,3.962,96.74058639678523,57.818432861580945,115.2516327314637,12.159040246423215,118.4510250569476,96.74058639678523,FALSE
ATGCAAGCTTTGAAATACCG,YEL063C,CAN1,Q476*,A477V,stop,"c(NA, -1.687)",1.687,113.85622860544724,132.89609941318605,151.9614120459299,59.9845985490212,121.48823082763857,113.85622860544724,FALSE
GAATGGCTATTAAATATCAC,YEL063C,CAN1,NA,NA,synonymous,NA,NA,95.99642803988688,63.8591646530894,115.2516327314637,4.8636160985692865,109.33940774487472,95.99642803988688,FALSE
GCTTACATGGAGACATCTAC,YEL063C,CAN1,NA,NA,synonymous,NA,NA,94.50811132609019,65.58508802209182,67.44354804285653,34.045312689985,58.71931156669198,94.50811132609019,FALSE
ATTTGGCGCTTTGGCTTACA,YEL063C,CAN1,NA,NA,synonymous,NA,NA,120.55365381753236,106.1442871936486,122.93507491356128,8.916629514043692,149.83548468742092,120.55365381753236,FALSE
TACTGCTGCATTTGGCGCTT,YEL063C,CAN1,A431V,NA,nonsynonymous,-3.123,3.123,130.2277124572109,107.87021056265101,149.40026465189737,1.6212053661897619,166.03391546443936,130.2277124572109,FALSE
CTGTCAAGGACCACCAAAGG,YEL063C,CAN1,S415L,NA,nonsynonymous,-2.991,2.991,93.0197946122935,97.51467034863651,93.0550219831818,102.13593806995502,91.11617312072893,93.0197946122935,FALSE
TTCCTGTCAAGGACCACCAA,YEL063C,CAN1,S415L,NA,nonsynonymous,-2.991,2.991,174.87721387111176,153.60717984121504,163.05971742007085,72.14363879544442,151.8602885345482,174.87721387111176,FALSE
TGGCTCCTAAATTCCTGTCA,YEL063C,CAN1,A410V,P411F,nonsynonymous,"c(-3.942, -10.744)",10.744,156.27325494865306,96.65170866413531,134.88709608571307,4.053013415474405,118.4510250569476,156.27325494865306,FALSE
TGGTCTATCAAAGAACAAGT,YEL063C,CAN1,NA,NA,synonymous,NA,NA,95.99642803988688,65.58508802209182,86.22529559909506,38.90892878855429,68.84333080232852,95.99642803988688,FALSE
GCAAATTCAAATATTTACGT,YEL063C,CAN1,S392L,NA,nonsynonymous,-5.988,5.988,78.8807858312249,168.2775284777356,75.98070602296495,109.43136221780895,70.86813464945584,78.8807858312249,FALSE
ATTATTGCTATTGAGAACTC,YEL063C,CAN1,A365V,NA,nonsynonymous,-3.417,3.417,73.67167733293644,55.22954780807732,99.03103256925769,1.6212053661897619,108.32700582131106,73.67167733293644,FALSE
ATTGGCTCTCTATTATTCAT,YEL063C,CAN1,S335F,NA,nonsynonymous,-5.697,5.697,103.43801160887035,185.53676216775975,83.66414820506255,170.226563449925,83.01695773221968,103.43801160887035,FALSE
CGTATCTTAACCTTCTACAT,YEL063C,CAN1,NA,NA,synonymous,NA,NA,143.62256288138116,89.74801518812565,99.88474836726853,21.886272443561786,98.20298658567451,143.62256288138116,FALSE
GAACTAGTTGGTATCACTGC,YEL063C,CAN1,NA,NA,synonymous,NA,NA,114.60038696234558,81.11839834311357,123.7887907115721,0.8106026830948809,112.37661351556568,114.60038696234558,FALSE
TTTCAAGGTACTGAACTAGT,YEL063C,CAN1,Q298*,NA,stop,"NA",NA,71.43920226224141,410.7697618225751,78.54185341699748,1523.1224415352815,73.9053404201468,71.43920226224141,TRUE
AACGCTGCCTTCACATTTCA,YEL063C,CAN1,A293V,A294V,nonsynonymous,"c(-3.954, -3.909)",3.954,95.25226968298854,74.2147048671039,107.56819054936612,10.537834880233454,136.6742596810934,95.25226968298854,FALSE
AAAAACGAAGGGAGGTTCTT,YEL063C,CAN1,NA,NA,synonymous,NA,NA,63.253460336359574,67.31101139109424,78.54185341699748,0.8106026830948809,104.27739812705644,63.253460336359574,FALSE
TATCTAAGGATAAAAACGAA,YEL063C,CAN1,S275F,NA,nonsynonymous,-2.876,2.876,84.83405268641167,48.32585433206766,73.41955862893242,5.674218781664168,77.95494811440142,84.83405268641167,FALSE
ATATCTAAGGATAAAAACGA,YEL063C,CAN1,S275F,NA,nonsynonymous,-2.876,2.876,74.4158356898348,47.46289264756644,75.12699022495411,7.295424147853929,51.63249810174639,74.4158356898348,FALSE
GGGTCCAGGTATAATATCTA,YEL063C,CAN1,P271L,NA,nonsynonymous,-5.024,5.024,94.50811132609019,92.33690024162928,91.34759038716012,4.053013415474405,99.21538850923817,94.50811132609019,FALSE
AACCCAGGTGCCTGGGGTCC,YEL063C,CAN1,P266L,NA,nonsynonymous,-8.814,8.814,129.48355410031255,108.73317224715223,168.18201220813592,18.643861711182264,217.66641356618578,129.48355410031255,FALSE
TTCCGTTATTGGAGAAACCC,YEL063C,CAN1,R261C,NA,nonsynonymous,-7.869,7.869,100.46137818127697,89.74801518812565,99.88474836726853,12.159040246423215,99.21538850923817,100.46137818127697,FALSE
GCCCAGTTGGATTCCGTTAT,YEL063C,CAN1,P257L,NA,nonsynonymous,-8.714,8.714,148.08751302277125,110.45909561615464,143.4242540658215,17.0226563449925,147.8106808402936,148.08751302277125,FALSE
TTACGGTGAATTCGAGTTCT,YEL063C,CAN1,NA,NA,synonymous,NA,NA,102.69385325197202,86.2961684501208,124.64250650958296,12.159040246423215,170.08352315869402,102.69385325197202,FALSE
TTGTTCCCTGTCAAATATTA,YEL063C,CAN1,P219F,NA,nonsynonymous,-10.793,10.793,155.52909659175472,264.9292371418709,184.4026123703419,619.3004498844891,182.23234624145786,155.52909659175472,TRUE
GACGTACAAAGTTCCACTGG,YEL063C,CAN1,NA,NA,synonymous,NA,NA,84.08989432951331,99.24059371763893,111.83676953942033,3.2424107323795237,115.41381928625664,84.08989432951331,FALSE
TTGGACGTACAAAGTTCCAC,YEL063C,CAN1,T196M,NA,nonsynonymous,-5.931,5.931,104.18216996576872,66.44804970659303,93.90873778119264,11.348437563328336,76.94254619083776,104.18216996576872,FALSE
GCCCTGGAACTTAGTGTAGT,YEL063C,CAN1,NA,NA,synonymous,NA,NA,151.80830480726297,139.79979288919571,159.64485422802747,124.83281319661168,153.88509238167552,151.80830480726297,FALSE
CGGCCAATGGTTACATGTAT,YEL063C,CAN1,A168V,NA,nonsynonymous,-3.168,3.168,142.13424616758448,109.59613393165344,161.35228582404918,25.93928585903619,141.73626929891168,142.13424616758448,FALSE
CCAGCATTTGGTGCGGCCAA,YEL063C,CAN1,A164V,NA,nonsynonymous,-3.746,3.746,160.73820509004318,110.45909561615464,155.3762752379733,23.50747780975155,139.71146545178436,160.73820509004318,FALSE
CCTTTCTCCAGCATTTGGTG,YEL063C,CAN1,S162F,P163S,nonsynonymous,"c(-5.839, -7.302)",7.302,133.94850424170264,597.169485674836,140.00939087377813,1673.8945405909294,121.48823082763857,133.94850424170264,TRUE
AGATTCCTTTCTCCAGCATT,YEL063C,CAN1,L161F,NA,nonsynonymous,-3.464,3.464,212.08513171602917,194.1663790127718,166.4745806121142,118.34799173185263,174.13313085294863,212.08513171602917,FALSE
CACGCAGTCCTTGGGTGAAA,YEL063C,CAN1,Q138*,NA,stop,"NA",NA,109.39127846405715,70.76285812909907,105.00704315533359,19.454464394277146,78.96735003796506,109.39127846405715,FALSE
TATTCTGTCACGCAGTCCTT,YEL063C,CAN1,S135F,NA,nonsynonymous,-2.081,2.081,159.9940467331448,123.40352088367275,170.74315960216842,0.8106026830948809,173.12072892938494,159.9940467331448,FALSE
ATATTCTGTCACGCAGTCCT,YEL063C,CAN1,S135F,NA,nonsynonymous,-2.081,2.081,183.80711415389197,172.5923369002416,178.42660178426604,35.666518056174766,178.18273854720326,183.80711415389197,FALSE
CTGACCAACGCCGGCCCAGT,YEL063C,CAN1,T115I,NA,nonsynonymous,-1.748,1.748,165.94731358833158,106.1442871936486,147.6928330558757,20.265067077372027,144.77347506960263,165.94731358833158,FALSE
TCTGACCAACGCCGGCCCAG,YEL063C,CAN1,T115I,NA,nonsynonymous,-1.748,1.748,146.59919630897454,80.25543665861235,128.05736970162633,8.916629514043692,108.32700582131106,146.59919630897454,FALSE
ATTGCCCTTGGTGGTACTAT,YEL063C,CAN1,A97V,L98F,nonsynonymous,"c(-3.782, -3.826)",3.826,103.43801160887035,80.25543665861235,74.27327442694327,10.537834880233454,100.22779043280183,103.43801160887035,FALSE
GAGCTTAAGCAAAGACATAT,YEL063C,CAN1,L88F,NA,nonsynonymous,-3.844,3.844,119.06533710373567,83.7072833966172,135.7408118837239,12.159040246423215,106.30220197418375,119.06533710373567,FALSE
TTCTCTATGGAGGATGGCAT,YEL063C,CAN1,S66F,NA,nonsynonymous,-2.156,2.156,93.0197946122935,60.407317915084576,86.22529559909506,19.454464394277146,93.14097696785625,93.0197946122935,FALSE
GATACGTTCTCTATGGAGGA,YEL063C,CAN1,T64M,NA,nonsynonymous,-0.783,0.783,83.34573597261497,73.35174318260269,109.27562214538781,7.295424147853929,98.20298658567451,83.34573597261497,FALSE
TGGCGAGGATACGTTCTCTA,YEL063C,CAN1,NA,NA,synonymous,NA,NA,121.29781217443072,94.0628236106317,133.1796644896914,2.4318080492846432,90.10377119716529,121.29781217443072,FALSE
CCCGACGAGAGTAAATGGCG,YEL063C,CAN1,T57M,NA,nonsynonymous,-0.733,0.733,136.18097931239768,107.00724887814981,160.49857002603835,21.886272443561786,137.68666160465705,136.18097931239768,FALSE
TCTTTCCCGACGAGAGTAAA,YEL063C,CAN1,P56L,NA,nonsynonymous,-0.166,0.166,54.3235600535794,44.874007594062824,74.27327442694327,15.401450978802739,86.05416350291067,54.3235600535794,FALSE
CACAAACACACCACAGACGT,YEL063C,CAN1,T32I,NA,nonsynonymous,-0.371,0.371,107.90296175026046,217.46634449430445,110.98305374140948,517.1645118145341,96.1781827385472,107.90296175026046,TRUE
TCACAAACACACCACAGACG,YEL063C,CAN1,Q31*,T32I,stop,"c(NA, -0.371)",0.371,116.83286203304064,325.3365550569555,94.7624535792035,801.6860535808373,87.06656542647431,116.83286203304064,TRUE
GAAGCATATGTACAATGAGC,YEL063C,CAN1,H14Y,NA,nonsynonymous,-0.695,0.695,74.4158356898348,48.32585433206766,81.95671660904085,4.8636160985692865,87.06656542647431,74.4158356898348,FALSE
